# Selected scalar function values. In each row:
# momentum_fm^-1 value
0.012289927475739315	0.0008952768636418458
0.06469827733649236	0.0009980477657228768
0.1587541627717315	0.0012029337171373478
0.2940840745375273	0.0015388016779459808
0.4701229683956909	0.0020351425902754277
0.6861330929344567	0.0027094156546654193
0.9412086328443037	0.003552812091340446
1.2342797972575215	0.004518639209118103
1.5641173837560651	0.0055196530232732854
1.9293379597055738	0.0064395246807804505
2.3284096748425966	0.007157680020364646
2.759658690761854	0.007579181117381317
3.2212762036733613	0.007657752078127993
3.7113260322348642	0.007403353626443669
4.227752739160273	0.006873365157917926
4.76839025277767	0.006153216670723069
5.330970952490416	0.005334807348907245
5.913135180092832	0.00449937042194745
6.512441137078393	0.0037078271875695505
7.126375126445445	0.0029983488045059576
7.752362096053109	0.0023889513582611905
8.387776439311082	0.0018825361210988915
9.029953007905373	0.0014723153837060904
9.676198290371307	0.0011464156589166882
10.323801709628693	0.0008912042099397384
10.970046992094627	0.0006933725960259612
11.612223560688918	0.0005410386466576497
12.247637903946892	0.0004241774603488813
12.873624873554554	0.000334649335802122
13.487558862921606	0.00026601969006984837
14.086864819907168	0.00021329637331896423
14.669029047509582	0.00017265618486421458
15.231609747222329	0.00014119628478765413
15.772247260839727	0.00011672430999158523
16.288673967765135	0.00009758906239390767
16.778723796326638	0.00008254795314626345
17.240341309238147	0.00007066529834410318
17.671590325157403	0.0000612353468620171
18.070662040294426	0.00005372455688121165
18.435882616243934	0.00004772856375687212
18.76572020274248	0.0000429402185539304
19.058791367155695	0.000039125903451541974
19.313866907065545	0.000036108010547243757
19.52987703160431	0.00003375200763694555
19.705915925462474	0.000031956927742758095
19.84124583722827	0.000030648431638319395
19.935301722663507	0.000029773821140692427
19.987710072524262	0.00002929844703999466
