# Selected gradient values. In each row:
# momentum_fm^-1 value
0.012289927475739315	-0.000041179254317339425
0.06469827733649236	-0.002452598956103117
0.1587541627717315	-0.01656502756182481
0.2940840745375273	-0.0414299798012754
0.4701229683956909	-0.06292090786646484
0.6861330929344567	-0.07423941901511685
0.9412086328443037	-0.07434971209027241
1.2342797972575215	-0.06427955454550836
1.5641173837560651	-0.04659176663935976
1.9293379597055738	-0.025008654049051393
2.3284096748425966	-0.003626947656111677
2.759658690761854	0.014019667167432845
3.2212762036733613	0.025718263893053712
3.7113260322348642	0.030901806975908858
4.227752739160273	0.030461809139798814
4.76839025277767	0.026180204814301014
5.330970952490416	0.020048206111505457
5.913135180092832	0.01372823977938226
6.512441137078393	0.008289061897106063
7.126375126445445	0.0041996058546723645
7.752362096053109	0.001480470591914267
8.387776439311082	-0.00009952092312251503
9.029953007905373	-0.0008579765488828609
9.676198290371307	-0.0010943983206244594
10.323801709628693	-0.0010426422566123736
10.970046992094627	-0.0008621216326083799
11.612223560688918	-0.0006488349293662006
12.247637903946892	-0.00045276251453661123
12.873624873554554	-0.00029433018815116564
13.487558862921606	-0.00017711330150396015
14.086864819907168	-0.00009644805615510152
14.669029047509582	-0.00004466954252060571
15.231609747222329	-0.00001394484890671411
15.772247260839727	2.436372443612987e-6
16.288673967765135	9.665548118045599e-6
16.778723796326638	0.000011476040310760311
17.240341309238147	0.000010393644587886871
17.671590325157403	8.029646473784055e-6
18.070662040294426	5.34674801003813e-6
18.435882616243934	2.8727132099036135e-6
18.76572020274248	8.590608183851687e-7
19.058791367155695	-6.082662679826631e-7
19.313866907065545	-1.5362279487058797e-6
19.52987703160431	-1.9798653181185982e-6
19.705915925462474	-2.016451915302972e-6
19.84124583722827	-1.7316560945507974e-6
19.935301722663507	-1.212867065665911e-6
19.987710072524262	-5.47367660066604e-7
