# Uncertainties estimated using backpropagation. In each row:
# energy_MeV eigenvalue sigma(eigenvalue)
-2.418318032965064	0.9894792711743652	0.0024243731774672797
-2.3788523162305357	0.9915760711761143	0.00242732782988037
-2.339386783272028	0.993697077809078	0.0024303020878758217
-2.2999212503135205	0.9958429485819348	0.002433296266426903
-2.260455533578992	0.9980143698763019	0.002436310688113109
-2.2209900006204846	1.0002120278480011	0.002439345640791896
-2.1815244676619767	1.0024366709889385	0.0024424014620182013
-2.1420587509274482	1.0046890824124775	0.002445478497569191
-2.102593217968941	1.0069700500474916	0.0024485770582157724
-2.0631276850104334	1.0092804319791289	0.0024516975058793333
-2.0236619682759045	1.0116211282240237	0.002454840211282986
