# Samples to verify backpropagation error estimate. In each row:
# energy_MeV eigenvalue
-2.2209900006204846	1.0005725575916546
-2.2209900006204846	1.0017023222533856
-2.2209900006204846	1.0011716571003286
-2.2209900006204846	0.998877287337357
-2.2209900006204846	0.9993319981721133
-2.2209900006204846	1.000454583605949
-2.2209900006204846	1.0024484318640003
-2.2209900006204846	1.0006782754008543
-2.2209900006204846	1.001799878415607
-2.2209900006204846	1.0010657095932185
-2.2209900006204846	1.000488826611594
-2.2209900006204846	1.000260607473076
-2.2209900006204846	1.00068142314053
-2.2209900006204846	0.9996789728445572
-2.2209900006204846	1.0011846309087609
-2.2209900006204846	1.002018382049375
-2.2209900006204846	1.0002269939594859
-2.2209900006204846	1.0003088681611727
-2.2209900006204846	1.0012050137758979
-2.2209900006204846	1.0009987103147253
-2.2209900006204846	1.002490061581308
-2.2209900006204846	1.0010726777134715
-2.2209900006204846	1.0008707802530141
-2.2209900006204846	1.0003910633209316
-2.2209900006204846	0.9993096459602339
-2.2209900006204846	1.0008545278131946
-2.2209900006204846	0.9999219898453715
-2.2209900006204846	1.000298567074199
-2.2209900006204846	1.0001937375776853
-2.2209900006204846	1.0014231372951568
-2.2209900006204846	1.0013945928431964
-2.2209900006204846	0.9987530674549338
-2.2209900006204846	0.9996522847585582
-2.2209900006204846	1.001920982381671
-2.2209900006204846	1.001026117008435
-2.2209900006204846	1.0009498524876714
-2.2209900006204846	1.0025921017061588
-2.2209900006204846	1.0010365715646512
-2.2209900006204846	0.9990653599101893
-2.2209900006204846	0.9995504220080303
-2.2209900006204846	1.0013601300390564
-2.2209900006204846	0.9993607380600098
-2.2209900006204846	0.9993245453088445
-2.2209900006204846	1.001538962884016
-2.2209900006204846	1.0000140759892526
-2.2209900006204846	1.0003059874799987
-2.2209900006204846	0.9986696880018268
-2.2209900006204846	0.9992245363169685
-2.2209900006204846	1.000386996390167
-2.2209900006204846	0.9995957284489161
-2.2209900006204846	0.9990453940370482
-2.2209900006204846	1.0015419360688282
-2.2209900006204846	1.0004545416267374
-2.2209900006204846	1.0000594385838923
-2.2209900006204846	1.0001785794601041
-2.2209900006204846	1.0005367865856523
-2.2209900006204846	1.0005587129380782
-2.2209900006204846	1.0004506996639164
-2.2209900006204846	1.0012021743866615
-2.2209900006204846	1.0028134342554256
-2.2209900006204846	1.0004556872358912
-2.2209900006204846	0.9995179295416936
-2.2209900006204846	1.0032476234857837
-2.2209900006204846	1.0009289427928407
-2.2209900006204846	0.9992706099944718
-2.2209900006204846	0.9989649738316286
-2.2209900006204846	1.0018345429305908
-2.2209900006204846	0.9990209245649168
-2.2209900006204846	1.0005530687864952
-2.2209900006204846	1.0002937668917187
-2.2209900006204846	1.0005628630921721
-2.2209900006204846	0.999846146618369
-2.2209900006204846	1.0009983417127388
-2.2209900006204846	1.0012324075072518
-2.2209900006204846	1.0000728658738036
-2.2209900006204846	1.000873153671419
-2.2209900006204846	0.9998914401265105
-2.2209900006204846	1.0007322296500634
-2.2209900006204846	0.9996663620894906
-2.2209900006204846	1.0009791519310167
-2.2209900006204846	1.000745491967926
-2.2209900006204846	1.0009403743517118
-2.2209900006204846	1.0008044410365724
-2.2209900006204846	0.9997641139586813
-2.2209900006204846	1.0002662609036277
-2.2209900006204846	0.999644820260805
-2.2209900006204846	0.999746335571192
-2.2209900006204846	0.9993975989227606
-2.2209900006204846	1.0000368064601766
-2.2209900006204846	1.0004323689774066
-2.2209900006204846	0.9999450014927613
-2.2209900006204846	1.0007296752482298
-2.2209900006204846	0.9996319755515569
-2.2209900006204846	1.0010391761469914
-2.2209900006204846	0.9998741475656441
-2.2209900006204846	0.9998332824881417
-2.2209900006204846	1.0010634145569222
-2.2209900006204846	1.0007657791616524
-2.2209900006204846	1.0007812802246823
-2.2209900006204846	1.000201039296395
