# Samples to verify backpropagation error estimate. In each row:
# energy_MeV eigenvalue
-2.1420587509274482	1.0052079618251362
-2.1420587509274482	1.003970806972736
-2.1420587509274482	1.0086838424508056
-2.1420587509274482	1.0056592251264507
-2.1420587509274482	1.002547962113454
-2.1420587509274482	1.0016555871508888
-2.1420587509274482	1.0044923330963884
-2.1420587509274482	0.9985981587958265
-2.1420587509274482	1.004076169459512
-2.1420587509274482	1.0139789161524753
-2.1420587509274482	1.0033138812482654
-2.1420587509274482	1.0041022105919306
-2.1420587509274482	0.9991450822303256
-2.1420587509274482	1.0046892212993301
-2.1420587509274482	1.0070900966370138
-2.1420587509274482	0.9947586056226506
-2.1420587509274482	1.0086249526523725
-2.1420587509274482	1.00520433673032
-2.1420587509274482	1.0098349598444623
-2.1420587509274482	1.007234416683536
-2.1420587509274482	1.0003318911406176
-2.1420587509274482	0.996866545575949
-2.1420587509274482	1.002025787843883
-2.1420587509274482	0.9969247399965386
-2.1420587509274482	1.0016121227000596
-2.1420587509274482	1.0026744031453982
-2.1420587509274482	0.9986210073462726
-2.1420587509274482	1.0038229445055262
-2.1420587509274482	1.0056365014039943
-2.1420587509274482	1.0126866501659315
-2.1420587509274482	1.0044496729381438
-2.1420587509274482	1.0105009150132527
-2.1420587509274482	1.0086913934435688
-2.1420587509274482	1.009041885327608
-2.1420587509274482	1.0105688483900876
-2.1420587509274482	1.0076824264746946
-2.1420587509274482	1.003824482456281
-2.1420587509274482	1.0032538456837048
-2.1420587509274482	1.008562124605957
-2.1420587509274482	1.0017064581476818
-2.1420587509274482	1.007374939842035
-2.1420587509274482	1.0041215499656395
-2.1420587509274482	1.0037606575621185
-2.1420587509274482	1.005238471127433
-2.1420587509274482	1.0076172608394234
-2.1420587509274482	1.0038372323786695
-2.1420587509274482	1.0055098046083815
-2.1420587509274482	1.011099602998709
-2.1420587509274482	1.0056857496388834
-2.1420587509274482	1.0041331876160149
-2.1420587509274482	1.0028660297160426
-2.1420587509274482	1.0024086364130746
-2.1420587509274482	1.0080354228239008
-2.1420587509274482	1.0084988414130753
-2.1420587509274482	1.0094903838501637
-2.1420587509274482	1.0059999030244122
-2.1420587509274482	1.003843787505491
-2.1420587509274482	0.9979853727994029
-2.1420587509274482	1.0061170753026973
-2.1420587509274482	1.0055001408972934
-2.1420587509274482	1.0074693218598734
-2.1420587509274482	1.0067570281890055
-2.1420587509274482	1.0046482540594737
-2.1420587509274482	0.9996417888038566
-2.1420587509274482	1.002170535908267
-2.1420587509274482	0.9980688353471153
-2.1420587509274482	1.0095987198522485
-2.1420587509274482	1.0057150495194345
-2.1420587509274482	1.0050556570861557
-2.1420587509274482	1.0025059449244385
-2.1420587509274482	1.0005678229140598
-2.1420587509274482	1.006153457955015
-2.1420587509274482	1.000194136011652
-2.1420587509274482	1.0070048407868655
-2.1420587509274482	1.004307852434054
-2.1420587509274482	1.0169851744002918
-2.1420587509274482	1.0049980395156026
-2.1420587509274482	1.00714646345831
-2.1420587509274482	1.0074686244989046
-2.1420587509274482	1.0013700522703202
-2.1420587509274482	1.009003644815532
-2.1420587509274482	1.00215666812939
-2.1420587509274482	1.0042183294320124
-2.1420587509274482	1.0067115380718052
-2.1420587509274482	1.0038623716227204
-2.1420587509274482	1.0021824746337462
-2.1420587509274482	1.0061111586934635
-2.1420587509274482	1.0023191389112365
-2.1420587509274482	1.005293534121396
-2.1420587509274482	1.0162103118608945
-2.1420587509274482	1.0073081088437066
-2.1420587509274482	1.0161983579442275
-2.1420587509274482	1.0030821620619232
-2.1420587509274482	1.0025508819825188
-2.1420587509274482	0.9965090124158393
-2.1420587509274482	0.9968554262916249
-2.1420587509274482	1.0043680327491677
-2.1420587509274482	1.0026684811879174
-2.1420587509274482	1.000024068842208
-2.1420587509274482	1.0049131115473733
