# Uncertainties estimated using backpropagation. In each row:
# energy_MeV eigenvalue sigma(eigenvalue)
-2.418318032965064	0.9894792711743652	0.000963437020467111
-2.3788523162305357	0.9915760711761143	0.0009642053591311768
-2.339386783272028	0.993697077809078	0.0009649780013276287
-2.2999212503135205	0.9958429485819348	0.0009657550053257117
-2.260455533578992	0.9980143698763019	0.0009665364302763786
-2.2209900006204846	1.0002120278480011	0.0009673223251876684
-2.1815244676619767	1.0024366709889385	0.0009681127507343879
-2.1420587509274482	1.0046890824124775	0.0009689077684072927
-2.102593217968941	1.0069700500474916	0.00096970742927448
-2.0631276850104334	1.0092804319791289	0.0009705117961465596
-2.0236619682759045	1.0116211282240237	0.0009713209325109277
