# Uncertainties estimated using backpropagation. In each row:
# energy_MeV eigenvalue sigma(eigenvalue)
-2.418318032965064	0.9894792711743652	0.004848746354934559
-2.3788523162305357	0.9915760711761143	0.00485465565976074
-2.339386783272028	0.993697077809078	0.004860604175751643
-2.2999212503135205	0.9958429485819348	0.004866592532853806
-2.260455533578992	0.9980143698763019	0.004872621376226218
-2.2209900006204846	1.0002120278480011	0.004878691281583792
-2.1815244676619767	1.0024366709889385	0.004884802924036403
-2.1420587509274482	1.0046890824124775	0.004890956995138382
-2.102593217968941	1.0069700500474916	0.004897154116431545
-2.0631276850104334	1.0092804319791289	0.004903395011758667
-2.0236619682759045	1.0116211282240237	0.004909680422565972
