# Samples to verify backpropagation error estimate. In each row:
# energy_MeV eigenvalue
-2.1420587509274482	1.0061000991313385
-2.1420587509274482	1.0058399162248546
-2.1420587509274482	1.0038854236870165
-2.1420587509274482	1.006108497590011
-2.1420587509274482	1.0078131133359314
-2.1420587509274482	0.9999816851242257
-2.1420587509274482	1.0033591181660815
-2.1420587509274482	1.0049457458963131
-2.1420587509274482	1.0073696740266938
-2.1420587509274482	1.0020308748126001
-2.1420587509274482	1.0060468261954179
-2.1420587509274482	1.0066655387764152
-2.1420587509274482	1.004075396033795
-2.1420587509274482	1.0049528382181636
-2.1420587509274482	1.0034895586911348
-2.1420587509274482	0.9996191008168854
-2.1420587509274482	1.0001350579554755
-2.1420587509274482	1.0041763913930755
-2.1420587509274482	1.0072405840686405
-2.1420587509274482	1.0072426755904478
-2.1420587509274482	1.0097067534856594
-2.1420587509274482	1.0063100827263147
-2.1420587509274482	1.0061990979205273
-2.1420587509274482	1.0090001779234166
-2.1420587509274482	1.0066461804152307
-2.1420587509274482	1.0055679833119233
-2.1420587509274482	1.0071090825443745
-2.1420587509274482	1.0053482943126701
-2.1420587509274482	1.005032404866873
-2.1420587509274482	1.0032441837810466
-2.1420587509274482	1.0086176500986226
-2.1420587509274482	1.0043836163833935
-2.1420587509274482	1.0063887175885922
-2.1420587509274482	1.0024391437357723
-2.1420587509274482	1.0088424877439013
-2.1420587509274482	1.003841507786504
-2.1420587509274482	1.0058003680542118
-2.1420587509274482	1.0034377115722724
-2.1420587509274482	1.0044643846807322
-2.1420587509274482	1.0096375417939467
-2.1420587509274482	1.0059788610095106
-2.1420587509274482	1.0064119313415922
-2.1420587509274482	1.0063503525162556
-2.1420587509274482	1.0024532220748437
-2.1420587509274482	1.0020465330935902
-2.1420587509274482	1.0025147263091838
-2.1420587509274482	1.0046381039000052
-2.1420587509274482	1.0046489696636973
-2.1420587509274482	1.0017957952967633
-2.1420587509274482	1.0018908568913873
-2.1420587509274482	1.0035112412636946
-2.1420587509274482	1.00676332222726
-2.1420587509274482	1.0036338151821564
-2.1420587509274482	1.0028732918742942
-2.1420587509274482	1.0032640271759177
-2.1420587509274482	1.0036640327972606
-2.1420587509274482	1.0073987392515942
-2.1420587509274482	1.0039418004397023
-2.1420587509274482	1.0042516692698535
-2.1420587509274482	1.0071532338447664
-2.1420587509274482	1.0055666643634467
-2.1420587509274482	1.0023421919233415
-2.1420587509274482	1.002405493752435
-2.1420587509274482	1.00235484586414
-2.1420587509274482	1.0014859918875794
-2.1420587509274482	1.0045801089301363
-2.1420587509274482	1.0055038006702783
-2.1420587509274482	1.0057869312093124
-2.1420587509274482	1.005702070449634
-2.1420587509274482	1.0043497114861424
-2.1420587509274482	1.0074317703067581
-2.1420587509274482	1.0075933828153096
-2.1420587509274482	1.0013802619859489
-2.1420587509274482	1.0061289201592576
-2.1420587509274482	1.0088760428829282
-2.1420587509274482	1.0015992601427284
-2.1420587509274482	1.0110536088941433
-2.1420587509274482	1.0049259444206893
-2.1420587509274482	1.009652928520661
-2.1420587509274482	1.0043239810693054
-2.1420587509274482	1.0045183292361757
-2.1420587509274482	1.0070537995331144
-2.1420587509274482	1.0015965896670096
-2.1420587509274482	1.0080993961618505
-2.1420587509274482	1.0027891119614254
-2.1420587509274482	1.0043894125877206
-2.1420587509274482	1.0043496096982905
-2.1420587509274482	1.0015327409365335
-2.1420587509274482	1.0031325682498047
-2.1420587509274482	0.9981398253558573
-2.1420587509274482	1.0052025106950397
-2.1420587509274482	1.0069562872669586
-2.1420587509274482	1.006451361808164
-2.1420587509274482	0.9992090547427513
-2.1420587509274482	1.0066929461774066
-2.1420587509274482	1.0046945873670634
-2.1420587509274482	1.0029522165514173
-2.1420587509274482	1.0066234519932247
-2.1420587509274482	1.0054763555925237
-2.1420587509274482	1.0033359556224775
